20251028222659
20251028224102
20251029000026
20251029000107
20251029000148
20251029000327
20251029002610
20251029003428
20251029053221
20251029054117
20251029212619
20251113215918
20251114004849
20251114013503
20251114043252
20251115174733
20251115182118
20251115182405
20251115183351
20251115183914
20251115230432
20251116035215
20251116035714
20251116184953
20251116185444
20251116190812
20251116200929
20251116235617
20251117010107
20251117012909
20251117015040
20251117020747
20251117061418
20251117065045
20251117164715
20251117165933
20251117185437
20251117192449
20251117201337
20251117204849
20251117215522
20251117215830
20251117221443
20251117222301
20251117225452
20251118040907
20251118064629
20251118065556
20251118065719
20251118065923
20251118070129
20251118070327
20251118070453
20251118071257
20251118071357
20251118071442
20251118071723
20251118072347
20251118072416
20251118073529
20251118162231
20251118200455
20251118211542
20251118221528
20251119002640
20251119063740
20251119063813
20251119064723
20251119205554
20251119235034
20251120172628
20251121010319
20251121011319
20251121011432
20251121011555
20251121011659
20251121011908
20251121011956
20251121035440
20251121164516
20251121181618
20251121211747
20251121211814
20251121230640
20251122001730
20251122050412
20251123185240
20251123192147
20251125051907
20251126033240
20251126223927
20251127184120
20251127202648
20251128043351
20251128052232
20251128172137
20251128202525
20251128211417
20251128211704
20251201033231
20251201045230
20251202190523
20251203214943
20251204035335
20251204164617
20251205000000
20251205000001
20251205172522
20251206000000
20251206000000
20251206000001
20251206230300
20251206232227
20251212184132
20251213000000
20251213000001
20251219221227
20251220170329
20251220180918
20251222043618
20251223000000
20251223000001
20251223000002
20251223002234
